rotation:
  roll: -1.5812880487804877
  pitch: -0.006151537921052633
  yaw: 1.5866386842105265

translation:
  x: -0.18489978048780487
  y: -0.030279151625
  z: -0.07672592926829268